A	[0,0,0,1,0,0;0,0,0,0,1,0;0,0,0,0,0,1;0,-2.569,0.16408,-16.667,0.01718,-0.0011;0,29.919,-15.181,40.317,-0.28268,0.0959;0,-36.656,65.378,-49.395,0.64301,-0.41489]
B	[0;0;0;8.6462;-20.914;25.642]
C	[1,0,0,0,0,0;0,1,0,0,0,0;0,0,1,0,0,0]
D	[0;0;0]
[4.0620,29.4664,60.9328]
[3.5382,11.4092,9.2027]
INIT	[0;0;0;0;0;0]

[0,0,0,1,0,0;0,0,0,0,1,0;0,0,0,0,0,1;0,2.9510,-0.0209,0,0,0;0,109.8286,-21.3031,0,0,0;0,-36.8817,35.8671,0,0,0]
[0;0;0;0.7483;5.1342;-0.0596]
[1,0,0,0,0,0;0,1,0,0,0,0;0,0,1,0,0,0]
[0;0;0]